20 30
1 1 1 1 1 1 1 0 0 0 0 0 1 1 1 1 1 1 1 0
1 0 0 0 0 0 0 1 1 1 0 0 1 1 1 1 1 1 1 0
1 0 0 0 0 0 0 0 0 0 0 0 1 1 1 1 1 1 1 0
1 0 0 0 0 0 0 0 0 0 -1 0 1 1 1 1 1 1 1 0
1 0 0 0 0 0 0 0 0 0 0 0 1 1 1 1 1 1 1 0
1 0 0 0 0 0 0 1 1 1 1 1 1 1 1 1 1 1 1 0
1 0 0 0 0 0 0 0 0 0 0 0 1 1 1 1 1 1 1 0
1 0 0 0 1 1 1 1 1 0 0 0 1 1 1 1 1 1 1 0
1 0 0 0 0 0 0 0 0 0 0 0 1 1 1 1 1 1 1 0
1 0 0 0 0 0 0 0 0 0 0 0 1 1 1 1 1 1 1 0
1 0 0 0 0 0 0 0 0 0 0 0 1 1 1 1 1 1 1 0
<<<<<<< HEAD
1 0 0 -1 0 -1 0 0 0 0 0 0 1 1 1 1 1 1 1 0
=======
>>>>>>> Correction de la physique
1 0 0 0 0 0 0 0 0 0 0 0 1 1 1 1 1 1 1 0
1 0 0 0 0 0 0 0 0 0 0 0 1 1 1 1 1 1 1 0
1 1 1 1 1 1 1 0 0 0 0 0 1 1 1 1 1 1 1 0
1 0 0 0 0 0 0 1 1 1 0 0 1 1 1 1 1 1 1 0
1 0 0 0 0 0 0 0 0 0 0 0 1 1 1 1 1 1 1 0
1 0 0 0 0 0 0 0 0 0 0 0 1 1 1 1 1 1 1 0
1 0 0 0 0 0 0 0 0 0 0 0 1 1 1 1 1 1 1 0
1 0 0 0 0 0 0 1 1 1 1 1 1 1 1 1 1 1 1 0
1 0 0 0 0 0 0 0 0 0 0 0 1 1 1 1 1 1 1 0
1 0 0 0 1 1 1 1 1 0 0 0 1 1 1 1 1 1 1 0
1 0 0 0 0 0 0 0 0 0 0 0 1 1 1 1 1 1 1 0
1 0 0 0 0 0 0 0 0 0 0 0 1 1 1 1 1 1 1 0
1 0 0 0 0 0 0 0 0 0 0 0 1 1 1 1 1 1 1 0
1 1 1 1 1 1 1 1 1 0 0 0 1 1 1 1 1 1 1 0
1 1 1 1 1 0 0 0 0 0 0 0 1 1 1 1 1 1 1 0
1 1 1 1 1 0 0 0 0 0 0 0 1 1 1 1 1 1 1 0
1 0 0 0 0 0 0 0 0 0 0 0 1 1 1 1 1 1 1 0
1 0 0 0 0 0 0 0 0 0 0 0 1 1 1 1 1 1 1 0
1 0 0 0 0 0 0 0 0 0 0 0 1 1 1 1 1 1 1 0